y(-2) = -0.7568024953079282
y(-1.6) = 0.5493554364271263
y(-1.2) = 0.9914583481916864
y(-0.8) = 0.5971954413623921
y(-0.4) = 0.159318206614246
y(-0.0) = 0.0
y(0.4) = 0.6324555320336759
y(0.8) = 0.8944271909999159
y(1.2) = 1.0954451150103321
y(1.6) = 1.2649110640673518
y(2.0) = 1.4142135623730951
